from_stop_id,to_stop_id,transfer_type,min_transfer_time
8652,8662,2,60
8652,9062,2,300
8652,9072,2,300
8662,8652,2,60
8662,9062,2,240
8662,9072,2,240
9512,9502,2,360
9512,9492,2,300
9512,9472,2,120
8962,8972,2,60
8962,9852,2,300
8962,9862,2,300
8972,8962,2,60
8972,9852,2,240
8972,9862,2,240
10792,10802,2,60
10792,10772,2,360
10802,10792,2,60
10802,10772,2,360
10802,10782,2,360
9132,9142,2,60
9132,9152,2,360
9132,9162,2,300
9142,9132,2,60
9142,9152,2,360
9142,9162,2,360
13852,13862,2,60
13852,13872,2,360
13852,13882,2,300
13862,13852,2,60
13862,13872,2,360
13862,13882,2,360
13872,13852,2,360
13872,13862,2,360
13872,13882,2,60
13882,13852,2,300
13882,13862,2,360
13882,13872,2,60
10882,10892,2,60
10882,13932,2,60
10892,10882,2,60
10892,13932,2,60
13932,10882,2,60
13932,10892,2,60
12582,12592,2,120
12592,12582,2,120
12592,12562,2,360
12592,12572,2,360
13332,13342,2,60
13342,13332,2,60
9662,9672,2,300
9662,9682,2,360
11072,11082,2,60
11072,11092,2,120
11082,11072,2,60
11082,11092,2,120
11092,11072,2,120
11092,11082,2,120
11212,11222,2,60
11212,9472,2,360
11222,11212,2,60
9172,9182,2,60
9182,9172,2,60
10322,10332,2,60
10332,10322,2,60
9802,9812,2,60
9812,9802,2,60
12822,12832,2,60
12822,12842,2,60
12832,12822,2,60
12832,12842,2,60
12842,12822,2,60
12842,12832,2,60
9062,8652,2,300
9062,8662,2,240
9062,9072,2,60
9062,9092,2,360
9062,9102,2,360
9072,8652,2,300
9072,8662,2,240
9072,9062,2,60
9072,9092,2,360
9072,9102,2,360
11692,11702,2,60
11692,11672,2,300
11692,11682,2,300
11702,11692,2,60
11702,11672,2,300
11702,11682,2,300
11332,11342,2,120
11332,11542,2,360
11332,11552,2,360
11342,11332,2,120
11372,11382,2,120
11382,11372,2,120
11352,11362,2,120
11352,11552,2,360
11362,11352,2,120
11362,11542,2,300
11362,11552,2,300
11522,11532,2,60
11532,11522,2,60
11532,11542,2,360
11532,11552,2,360
11312,11322,2,120
11312,11302,2,360
11322,11312,2,120
11322,11302,2,360
9942,9952,2,120
9942,9582,2,360
9952,9942,2,120
9952,9922,2,300
9952,9932,2,300
9042,9052,2,120
9052,9042,2,120
9052,9022,2,360
9022,9052,2,360
9022,9032,2,120
9032,9022,2,120
8882,8892,2,60
8882,8902,2,120
8882,8912,2,120
8882,8922,2,120
8882,8932,2,120
8882,8942,2,60
8882,8952,2,60
8882,10122,2,120
8882,12952,2,180
8892,8882,2,60
8892,8902,2,60
8892,8912,2,120
8892,8922,2,60
8892,8932,2,60
8892,8942,2,60
8892,8952,2,120
8892,10122,2,120
8892,12952,2,180
8902,8882,2,120
8902,8892,2,60
8902,8912,2,60
8902,8922,2,60
8902,8932,2,60
8902,8942,2,120
8902,8952,2,120
8902,10122,2,120
8902,12952,2,180
8912,8882,2,120
8912,8892,2,120
8912,8902,2,60
8912,8922,2,60
8912,8932,2,120
8912,8942,2,120
8912,8952,2,180
8912,10122,2,120
8912,12952,2,180
8922,8882,2,120
8922,8892,2,60
8922,8902,2,60
8922,8912,2,60
8922,8932,2,60
8922,8942,2,120
8922,8952,2,120
8922,10122,2,120
8922,12952,2,180
8932,8882,2,120
8932,8892,2,60
8932,8902,2,60
8932,8912,2,120
8932,8922,2,60
8932,8942,2,60
8932,8952,2,120
8932,10122,2,60
8932,12952,2,180
8942,8882,2,60
8942,8892,2,60
8942,8902,2,120
8942,8912,2,120
8942,8922,2,120
8942,8932,2,60
8942,8952,2,60
8942,10122,2,120
8942,12952,2,180
8952,8882,2,60
8952,8892,2,120
8952,8902,2,120
8952,8912,2,180
8952,8922,2,120
8952,8932,2,120
8952,8942,2,60
8952,10122,2,120
8952,12952,2,180
10122,8882,2,120
10122,8892,2,120
10122,8902,2,120
10122,8912,2,120
10122,8922,2,120
10122,8932,2,60
10122,8942,2,120
10122,8952,2,120
10122,12952,2,120
12952,8882,2,180
12952,8892,2,180
12952,8902,2,180
12952,8912,2,180
12952,8922,2,180
12952,8932,2,180
12952,8942,2,180
12952,8952,2,180
12952,10122,2,120
12952,12682,2,360
12392,12402,2,60
12402,12392,2,60
12122,12142,2,60
12122,12152,2,60
12122,12672,2,240
12122,9592,2,360
12142,12122,2,60
12142,12152,2,60
12142,12672,2,240
12152,12122,2,60
12152,12142,2,60
12152,12672,2,240
12872,12882,2,60
12882,12872,2,60
12882,12862,2,360
10592,10602,2,120
10602,10592,2,120
10602,10572,2,360
10662,10672,2,60
10672,10662,2,60
11142,11152,2,60
11152,11142,2,60
11152,11122,2,360
9502,9512,2,360
9502,9492,2,300
12012,12022,2,120
12012,13412,2,120
12012,11992,2,300
12022,12012,2,120
12022,13412,2,120
12022,11992,2,240
12022,12002,2,300
13412,12012,2,120
13412,12022,2,120
13412,11992,2,300
13412,12002,2,360
12912,12922,2,60
12922,12912,2,60
9822,9832,2,60
9822,9842,2,360
9832,9822,2,60
11732,11742,2,60
11732,11762,2,360
11742,11732,2,60
11742,11762,2,360
12352,12362,2,60
12352,8782,2,300
12352,8792,2,300
12362,12352,2,60
12362,8782,2,300
12362,8792,2,300
9092,9062,2,360
9092,9072,2,360
9092,9102,2,60
9102,9062,2,360
9102,9072,2,360
9102,9092,2,60
11032,11042,2,60
11042,11032,2,60
13372,13382,2,60
13382,13372,2,60
12782,12792,2,180
12792,12782,2,180
11832,11842,2,60
11832,13322,2,120
11842,11832,2,60
11842,13322,2,180
13322,11832,2,120
13322,11842,2,180
13322,11852,2,360
13322,11862,2,360
8802,8812,2,120
8812,8802,2,120
12192,12202,2,60
12202,12192,2,60
11602,11612,2,60
11612,11602,2,60
13292,9782,2,120
13292,9792,2,120
12062,11752,2,300
12062,11762,2,360
12062,12052,2,300
12062,10022,2,180
12062,10032,2,240
12452,12462,2,240
12452,9542,2,360
12462,12452,2,240
12462,12472,2,240
12462,12482,2,240
10642,10652,2,60
10652,10642,2,60
11292,11302,2,180
11302,11312,2,360
11302,11322,2,360
11302,11292,2,180
10192,10202,2,60
10192,10212,2,360
10192,10222,2,360
10202,10192,2,60
10202,10212,2,360
10202,10222,2,360
10342,10352,2,60
10352,10342,2,60
10302,10312,2,60
10312,10302,2,60
10902,10912,2,60
10912,10902,2,60
11912,11922,2,60
11912,11932,2,60
11922,11912,2,60
11922,11932,2,60
11932,11912,2,60
11932,11922,2,60
10952,10962,2,120
10962,10952,2,120
10962,10942,2,360
11892,11902,2,60
11902,11892,2,60
9152,9132,2,360
9152,9142,2,360
9152,9162,2,60
9152,9192,2,180
9162,9132,2,300
9162,9142,2,360
9162,9152,2,60
9162,9192,2,180
9852,8962,2,300
9852,8972,2,240
9852,9862,2,60
9852,13812,2,300
9862,8962,2,300
9862,8972,2,240
9862,9852,2,60
9862,13812,2,300
10232,10242,2,60
10232,10212,2,360
10232,10222,2,360
10242,10232,2,60
10242,10212,2,360
10242,10222,2,360
12242,12252,2,60
12242,12272,2,300
12242,12222,2,360
12252,12242,2,60
12252,12272,2,360
12252,12222,2,360
12262,12272,2,240
12272,12242,2,300
12272,12252,2,360
12272,12262,2,240
9332,9342,2,60
9332,9352,2,300
9332,9362,2,240
9342,9332,2,60
9342,9352,2,360
9342,9362,2,300
9782,13292,2,120
9782,9792,2,120
9792,13292,2,120
9792,9782,2,120
12722,12732,2,120
12732,12722,2,120
12732,12742,2,360
12732,12752,2,360
10482,10492,2,60
10492,10482,2,60
10462,10472,2,60
10472,10462,2,60
10442,10452,2,120
10452,10442,2,120
9112,9122,2,60
9112,12802,2,120
9112,12812,2,180
9122,9112,2,60
9122,12802,2,120
9122,12812,2,120
12802,9112,2,120
12802,9122,2,120
12802,12812,2,120
12812,9112,2,180
12812,9122,2,120
12812,12802,2,120
8752,8762,2,60
8752,8772,2,60
8752,8782,2,360
8762,8752,2,60
8762,8772,2,60
8762,8782,2,360
8762,8792,2,360
8772,8752,2,60
8772,8762,2,60
8732,8742,2,60
8742,8732,2,60
13062,13072,2,60
13062,13702,2,360
13072,13062,2,60
13072,13522,2,360
13072,13702,2,360
11102,11112,2,60
11112,11102,2,60
11752,12062,2,300
11752,11762,2,120
11752,10022,2,120
11752,10032,2,240
11762,11732,2,360
11762,11742,2,360
11762,12062,2,360
11762,11752,2,120
11762,10022,2,180
11762,10032,2,240
13352,13362,2,60
13362,13352,2,60
12542,12552,2,60
12542,12562,2,300
12542,12572,2,240
12552,12542,2,60
12552,12562,2,300
12552,12572,2,240
9242,9202,2,360
9242,9212,2,360
10382,10392,2,120
10392,10382,2,120
10362,10372,2,60
10372,10362,2,60
10402,10412,2,60
10412,10402,2,60
9902,9912,2,120
9902,11662,2,300
9912,9902,2,120
9912,11662,2,360
9912,12472,2,360
9912,12482,2,360
12852,12862,2,120
12862,12882,2,360
12862,12852,2,120
11542,11332,2,360
11542,11362,2,300
11542,11532,2,360
11542,11552,2,60
11552,11332,2,360
11552,11352,2,360
11552,11362,2,300
11552,11532,2,360
11552,11542,2,60
11162,11172,2,60
11162,9842,2,240
11172,11162,2,60
11172,9842,2,240
13262,13272,2,120
13272,13262,2,120
11442,11452,2,60
11442,11402,2,240
11442,11412,2,240
11452,11442,2,60
11452,11402,2,240
11452,11412,2,240
11462,11472,2,60
11472,11462,2,60
11482,11492,2,60
11492,11482,2,60
12932,12942,2,180
12932,13002,2,360
12942,12932,2,180
11232,11242,2,120
11242,11232,2,120
12602,12612,2,60
12612,12602,2,60
12612,12632,2,360
9692,9702,2,120
9692,9682,2,360
9692,12412,2,300
9692,12422,2,360
9692,9712,2,240
9692,9722,2,240
9702,9692,2,120
9702,9672,2,300
9702,9682,2,240
9702,12412,2,360
9702,9712,2,300
9702,9722,2,300
12052,12062,2,300
11622,11632,2,300
11622,11642,2,240
12292,12302,2,120
12302,12292,2,120
11852,13322,2,360
11852,11862,2,60
11862,13322,2,360
11862,11852,2,60
8982,8992,2,60
8992,8982,2,60
9872,9882,2,60
9872,9892,2,120
9872,11662,2,300
9872,10732,2,180
9872,9422,2,240
9872,9432,2,240
9872,24202,2,240
9872,12642,2,300
9882,9872,2,60
9882,9892,2,60
9882,11662,2,360
9882,10732,2,180
9882,9422,2,240
9882,9432,2,240
9882,24202,2,240
9882,12642,2,300
9892,9872,2,120
9892,9882,2,60
9892,11662,2,360
9892,10732,2,180
9892,9422,2,180
9892,9432,2,180
9892,24202,2,180
9892,12642,2,240
12672,12122,2,240
12672,12142,2,240
12672,12152,2,240
13012,13022,2,60
13012,14012,2,120
13022,13012,2,60
13022,14012,2,120
14012,13012,2,120
14012,13022,2,120
9632,9642,2,60
9642,9632,2,60
11812,11822,2,60
11822,11812,2,60
9272,9282,2,240
9282,9272,2,240
9282,9252,2,360
9282,9262,2,360
9252,9282,2,360
9252,9262,2,60
9262,9282,2,360
9262,9252,2,60
10252,10262,2,60
10262,10252,2,60
9612,9622,2,60
9622,9612,2,60
13782,13792,2,300
13782,13752,2,360
13782,13112,2,360
13782,13122,2,360
13782,24182,2,360
11772,11782,2,120
11772,11792,2,120
11772,11802,2,60
11772,13582,2,120
11782,11772,2,120
11782,11792,2,120
11782,11802,2,60
11782,13582,2,60
11792,11772,2,120
11792,11782,2,120
11792,11802,2,120
11792,13582,2,120
11802,11772,2,60
11802,11782,2,60
11802,11792,2,120
11802,13582,2,60
13582,11772,2,120
13582,11782,2,60
13582,11792,2,120
13582,11802,2,60
10022,12062,2,180
10022,11752,2,120
10022,11762,2,180
10022,10032,2,120
10032,12062,2,240
10032,11752,2,240
10032,11762,2,240
10032,10022,2,120
9982,9992,2,60
9982,10002,2,360
9982,10012,2,360
9982,9962,2,300
9982,13312,2,120
9992,9982,2,60
9992,9962,2,240
9992,9972,2,360
9992,13312,2,180
10002,9982,2,360
10002,10012,2,60
10002,13312,2,300
10012,9982,2,360
10012,10002,2,60
10012,13312,2,300
11422,11432,2,60
11432,11422,2,60
11402,11442,2,240
11402,11452,2,240
11402,11412,2,60
11412,11442,2,240
11412,11452,2,240
11412,11402,2,60
13052,13522,2,120
13522,13072,2,360
13522,13052,2,120
13522,13702,2,360
9672,9662,2,300
9672,9702,2,300
9672,9682,2,60
9682,9662,2,360
9682,9692,2,360
9682,9702,2,240
9682,9672,2,60
11872,11882,2,60
11882,11872,2,60
9452,9462,2,60
9462,9452,2,60
9462,9422,2,360
9462,9432,2,360
9462,24202,2,360
9462,12642,2,360
9222,9232,2,60
9232,9222,2,60
9192,9152,2,180
9192,9162,2,180
12622,12632,2,60
12622,10762,2,300
12622,12492,2,300
12622,12642,2,360
12622,12652,2,240
12632,12612,2,360
12632,12622,2,60
12632,10762,2,300
12632,12492,2,300
12632,12652,2,240
12172,12182,2,60
12182,12172,2,60
12562,12592,2,360
12562,12542,2,300
12562,12552,2,300
12562,12572,2,60
12572,12592,2,360
12572,12542,2,240
12572,12552,2,240
12572,12562,2,60
11252,11262,2,60
11252,11272,2,120
11252,11282,2,120
11252,11632,2,240
11252,11642,2,360
11262,11252,2,60
11262,11272,2,120
11262,11282,2,120
11262,11632,2,300
11262,11642,2,360
11272,11252,2,120
11272,11262,2,120
11272,11282,2,120
11272,11632,2,360
11282,11252,2,120
11282,11262,2,120
11282,11272,2,120
11282,11632,2,300
11282,11642,2,360
11012,14052,2,120
11012,14062,2,120
14052,11012,2,120
14052,14062,2,60
14062,11012,2,120
14062,14052,2,60
10972,10982,2,60
10982,10972,2,60
10992,11002,2,60
11002,10992,2,60
12032,12042,2,60
12042,12032,2,60
11942,11952,2,60
11942,10752,2,300
11942,11972,2,360
11952,11942,2,60
11952,10752,2,300
11952,11972,2,360
9572,9582,2,120
9582,9942,2,360
9582,9572,2,120
10042,10052,2,180
10052,10042,2,180
12682,12952,2,360
12682,12692,2,120
12682,12962,2,240
12682,12972,2,180
12692,12682,2,120
12692,12962,2,180
12692,12972,2,120
12962,12682,2,240
12962,12692,2,180
12962,12972,2,60
12972,12682,2,180
12972,12692,2,120
12972,12962,2,60
11982,11992,2,360
11982,12002,2,300
11982,11962,2,180
11982,11972,2,360
12412,9692,2,300
12412,9702,2,360
12412,12422,2,60
12412,9712,2,360
12412,9722,2,300
12422,9692,2,360
12422,12412,2,60
12422,9712,2,360
12422,9722,2,360
13032,13042,2,60
13042,13032,2,60
10212,10192,2,360
10212,10202,2,360
10212,10232,2,360
10212,10242,2,360
10212,10222,2,60
10222,10192,2,360
10222,10202,2,360
10222,10232,2,360
10222,10242,2,360
10222,10212,2,60
11632,11622,2,300
11632,11252,2,240
11632,11262,2,300
11632,11272,2,360
11632,11282,2,300
11632,11642,2,120
11642,11622,2,240
11642,11252,2,360
11642,11262,2,360
11642,11282,2,360
11642,11632,2,120
11662,9902,2,300
11662,9912,2,360
11662,9872,2,300
11662,9882,2,360
11662,9892,2,360
11662,10732,2,360
10732,9872,2,180
10732,9882,2,180
10732,9892,2,180
10732,11662,2,360
10732,9422,2,240
10732,9432,2,300
10732,24202,2,300
10732,12642,2,180
10732,12652,2,300
12892,12902,2,60
12902,12892,2,60
12742,12732,2,360
12742,12752,2,60
12742,12772,2,300
12752,12732,2,360
12752,12742,2,60
12752,12762,2,360
12752,12772,2,240
9962,9982,2,300
9962,9992,2,240
9962,9972,2,120
9962,13312,2,360
9972,9992,2,360
9972,9962,2,120
10082,10092,2,60
10092,10082,2,60
12332,12342,2,60
12342,12332,2,60
12312,12322,2,60
12322,12312,2,60
12322,10102,2,360
10062,10072,2,60
10072,10062,2,60
10102,12322,2,360
9422,9872,2,240
9422,9882,2,240
9422,9892,2,180
9422,9462,2,360
9422,10732,2,240
9422,9432,2,60
9422,24202,2,60
9422,12642,2,180
9422,12652,2,360
9432,9872,2,240
9432,9882,2,240
9432,9892,2,180
9432,9462,2,360
9432,10732,2,300
9432,9422,2,60
9432,24202,2,60
9432,12642,2,240
9432,12652,2,360
24202,9872,2,240
24202,9882,2,240
24202,9892,2,180
24202,9462,2,360
24202,10732,2,300
24202,9422,2,60
24202,9432,2,60
24202,12642,2,180
24202,12652,2,360
9712,9692,2,240
9712,9702,2,300
9712,12412,2,360
9712,12422,2,360
9712,9722,2,60
9722,9692,2,240
9722,9702,2,300
9722,12412,2,300
9722,12422,2,360
9722,9712,2,60
11502,11512,2,60
11512,11502,2,60
10922,10932,2,60
10922,10942,2,120
10932,10922,2,60
10932,10942,2,180
10942,10962,2,360
10942,10922,2,120
10942,10932,2,180
9382,9392,2,120
9392,9382,2,120
9392,9352,2,360
9392,9362,2,360
11052,11062,2,60
11062,11052,2,60
8852,8862,2,60
8852,12992,2,120
8852,13002,2,180
8852,9412,2,120
8862,8852,2,60
8862,12992,2,120
8862,13002,2,180
8862,9412,2,120
12992,8852,2,120
12992,8862,2,120
12992,13002,2,60
12992,9412,2,240
13002,12932,2,360
13002,8852,2,180
13002,8862,2,180
13002,12992,2,60
13002,9412,2,240
10752,11942,2,300
10752,11952,2,300
10752,10762,2,240
10752,12492,2,300
10762,12622,2,300
10762,12632,2,300
10762,10752,2,240
10762,12492,2,60
12492,12622,2,300
12492,12632,2,300
12492,10752,2,300
12492,10762,2,60
12492,12652,2,360
13712,13722,2,300
13762,13772,2,240
11992,12012,2,300
11992,12022,2,240
11992,13412,2,300
11992,11982,2,360
11992,12002,2,120
12002,12022,2,300
12002,13412,2,360
12002,11982,2,300
12002,11992,2,120
13792,13782,2,300
13792,13752,2,180
13792,13082,2,360
13792,13642,2,360
11672,11692,2,300
11672,11702,2,300
11672,11682,2,60
11682,11692,2,300
11682,11702,2,300
11682,11672,2,60
11962,11982,2,180
11962,11972,2,180
11972,11942,2,360
11972,11952,2,360
11972,11982,2,360
11972,11962,2,180
13812,9852,2,300
13812,9862,2,300
13772,13762,2,240
12222,12242,2,360
12222,12252,2,360
12432,12442,2,60
12442,12432,2,60
9842,9822,2,360
9842,11162,2,240
9842,11172,2,240
10832,10842,2,120
10832,10852,2,120
10832,10862,2,360
10832,10872,2,360
10842,10832,2,120
10842,10852,2,180
10842,10862,2,300
10842,10872,2,300
10852,10832,2,120
10852,10842,2,180
10852,10822,2,360
12162,12502,2,120
12502,12162,2,120
9202,9242,2,360
9202,9212,2,120
9212,9242,2,360
9212,9202,2,120
12472,12462,2,240
12472,9912,2,360
12472,12482,2,60
12482,12462,2,240
12482,9912,2,360
12482,12472,2,60
10552,10562,2,60
10552,12372,2,120
10552,12382,2,120
10552,10532,2,300
10562,10552,2,60
10562,12372,2,120
10562,12382,2,120
10562,10532,2,300
12372,10552,2,120
12372,10562,2,120
12372,12382,2,60
12372,10532,2,300
12382,10552,2,120
12382,10562,2,120
12382,12372,2,60
12382,10532,2,300
10862,10832,2,360
10862,10842,2,300
10862,10872,2,60
10872,10832,2,360
10872,10842,2,300
10872,10862,2,60
10812,10822,2,60
10822,10852,2,360
10822,10812,2,60
9922,9952,2,300
9922,9932,2,60
9932,9952,2,300
9932,9922,2,60
9352,9332,2,300
9352,9342,2,360
9352,9392,2,360
9352,9362,2,60
9362,9332,2,240
9362,9342,2,300
9362,9392,2,360
9362,9352,2,60
13752,13782,2,360
13752,13792,2,180
13752,13082,2,360
13752,13642,2,360
9492,9512,2,300
9492,9502,2,300
9492,9472,2,360
12642,9872,2,300
12642,9882,2,300
12642,9892,2,240
12642,9462,2,360
12642,12622,2,360
12642,10732,2,180
12642,9422,2,180
12642,9432,2,240
12642,24202,2,180
12642,12652,2,180
12652,12622,2,240
12652,12632,2,240
12652,10732,2,300
12652,9422,2,360
12652,9432,2,360
12652,24202,2,360
12652,12492,2,360
12652,12642,2,180
10532,10552,2,300
10532,10562,2,300
10532,12372,2,300
10532,12382,2,300
9592,12122,2,360
9592,9602,2,120
9602,9592,2,120
12762,12752,2,360
12762,12772,2,180
12772,12742,2,300
12772,12752,2,240
12772,12762,2,180
11582,11592,2,60
11582,11562,2,240
11582,11572,2,240
11592,11582,2,60
11592,11562,2,240
11592,11572,2,240
11562,11582,2,240
11562,11592,2,240
11562,11572,2,60
11572,11582,2,240
11572,11592,2,240
11572,11562,2,60
9002,9012,2,120
9002,12702,2,120
9002,12712,2,240
9002,13402,2,120
9012,9002,2,120
9012,12702,2,120
9012,12712,2,120
9012,13402,2,60
12702,9002,2,120
12702,9012,2,120
12702,12712,2,180
12702,13402,2,60
12712,9002,2,240
12712,9012,2,120
12712,12702,2,180
12712,13402,2,120
13402,9002,2,120
13402,9012,2,60
13402,12702,2,60
13402,12712,2,120
13702,13062,2,360
13702,13072,2,360
13702,13522,2,360
10572,10602,2,360
10572,10582,2,60
10582,10572,2,60
9412,8852,2,120
9412,8862,2,120
9412,12992,2,240
9412,13002,2,240
13082,13792,2,360
13082,13752,2,360
13082,13092,2,120
13082,13632,2,180
13082,13642,2,60
13082,13682,2,120
13082,13692,2,120
13092,13082,2,120
13092,13632,2,120
13092,13642,2,120
13092,13682,2,60
13092,13692,2,120
13632,13082,2,180
13632,13092,2,120
13632,13642,2,180
13632,13682,2,120
13632,13692,2,120
13642,13792,2,360
13642,13752,2,360
13642,13082,2,60
13642,13092,2,120
13642,13632,2,180
13642,13682,2,120
13642,13692,2,120
13682,13082,2,120
13682,13092,2,60
13682,13632,2,120
13682,13642,2,120
13682,13692,2,60
13692,13082,2,120
13692,13092,2,120
13692,13632,2,120
13692,13642,2,120
13692,13682,2,60
13102,13112,2,60
13102,13122,2,60
13102,24182,2,60
13112,13782,2,360
13112,13102,2,60
13112,13122,2,60
13112,24182,2,60
13122,13782,2,360
13122,13102,2,60
13122,13112,2,60
13122,24182,2,60
24182,13782,2,360
24182,13102,2,60
24182,13112,2,60
24182,13122,2,60
11712,11722,2,60
11722,11712,2,60
10622,10632,2,60
10632,10622,2,60
13722,13712,2,300
8782,12352,2,300
8782,12362,2,300
8782,8752,2,360
8782,8762,2,360
8782,8792,2,60
8792,12352,2,300
8792,12362,2,300
8792,8762,2,360
8792,8782,2,60
13162,13172,2,60
13172,13162,2,60
11122,11152,2,360
11122,11132,2,60
11132,11122,2,60
9742,9752,2,60
9752,9742,2,60
12082,12092,2,60
12092,12082,2,60
9472,9512,2,120
9472,11212,2,360
9472,9492,2,360
13312,9982,2,120
13312,9992,2,180
13312,10002,2,300
13312,10012,2,300
13312,9962,2,360
9542,12452,2,360
9542,9552,2,60
9552,9542,2,60
10772,10792,2,360
10772,10802,2,360
10772,10782,2,60
10782,10802,2,360
10782,10772,2,60
